14

0.1 0.1 20 0.1 0.05 20 0.1 -0.05 20 0.1 -0.1 20
0.1 0.1 20 0.2 0.05 20 0.2 -0.05 20 0.1 -0.1 20
0.1 0.1 -20 0.2 0.05 -20 0.2 -0.05 -20 0.1 -0.1 -20
0.1 0.1 -20 0.1 0.05 -20 0.1 -0.05 -20 0.1 -0.1 -20

0.1 0.1 20 0.1 0.05 20 0.1 -0.05 20 0.1 -0.1 20
0.1 0.1 20 -0.2 0.05 20 -0.2 -0.05 20 0.1 -0.1 20
0.1 0.1 -20 -0.2 0.05 -20 -0.2 -0.05 -20 0.1 -0.1 -20
0.1 0.1 -20 0.1 0.05 -20 0.1 -0.05 -20 0.1 -0.1 -20

-0.75 0.75 -3 -0.25 0.75 -3 0.25 0.75 -3 0.75 0.75 -3
-0.75 0.25 -3 -0.25 0.25 -2 0.25 0.25 -2 0.75 0.25 -3
-0.75 -0.25 -3 -0.25 -0.25 -2 0.25 -0.25 -2 0.75 -0.25 -3
-0.75 -0.75 -3 -0.25 -0.75 -3 0.25 -0.75 -3 0.75 -0.75 -3

-0.75 0.75 -3 -0.25 0.75 -3 0.25 0.75 -3 0.75 0.75 -3
-0.75 0.25 -3 -0.25 0.25 -4 0.25 0.25 -4 0.75 0.25 -3
-0.75 -0.25 -3 -0.25 -0.25 -4 0.25 -0.25 -4 0.75 -0.25 -3
-0.75 -0.75 -3 -0.25 -0.75 -3 0.25 -0.75 -3 0.75 -0.75 -3

-0.75 0.75 -2 -0.25 0.75 -2 0.25 0.75 -2 0.75 0.75 -2
-0.75 0.25 -2 -0.25 0.25 -3 0.25 0.25 -3 0.75 0.25 -2
-0.75 -0.25 -2 -0.25 -0.25 -3 0.25 -0.25 -3 0.75 -0.25 -2
-0.75 -0.75 -2 -0.25 -0.75 -2 0.25 -0.75 -2 0.75 -0.75 -2

-0.75 0.75 -2 -0.25 0.75 -2 0.25 0.75 -2 0.75 0.75 -2
-0.75 0.25 -2 -0.25 0.25 -1 0.25 0.25 -1 0.75 0.25 -2
-0.75 -0.25 -2 -0.25 -0.25 -1 0.25 -0.25 -1 0.75 -0.25 -2
-0.75 -0.75 -2 -0.25 -0.75 -2 0.25 -0.75 -2 0.75 -0.75 -2

-0.75 0.75 -1 -0.25 0.75 -1 0.25 0.75 -1 0.75 0.75 -1
-0.75 0.25 -1 -0.25 0.25 -2 0.25 0.25 -2 0.75 0.25 -1
-0.75 -0.25 -1 -0.25 -0.25 -2 0.25 -0.25 -2 0.75 -0.25 -1
-0.75 -0.75 -1 -0.25 -0.75 -1 0.25 -0.75 -1 0.75 -0.75 -1

-0.75 0.75 -1 -0.25 0.75 -1 0.25 0.75 -1 0.75 0.75 -1
-0.75 0.25 -1 -0.25 0.25 0 0.25 0.25 0 0.75 0.25 -1
-0.75 -0.25 -1 -0.25 -0.25 0 0.25 -0.25 0 0.75 -0.25 -1
-0.75 -0.75 -1 -0.25 -0.75 -1 0.25 -0.75 -1 0.75 -0.75 -1

-0.75 0.75 0 -0.25 0.75 0 0.25 0.75 0 0.75 0.75 0
-0.75 0.25 0 -0.25 0.25 1 0.25 0.25 1 0.75 0.25 0
-0.75 -0.25 0 -0.25 -0.25 1 0.25 -0.25 1 0.75 -0.25 0
-0.75 -0.75 0 -0.25 -0.75 0 0.25 -0.75 0 0.75 -0.75 0

-0.75 0.75 0 -0.25 0.75 0 0.25 0.75 0 0.75 0.75 0
-0.75 0.25 0 -0.25 0.25 -1 0.25 0.25 -1 0.75 0.25 0
-0.75 -0.25 0 -0.25 -0.25 -1 0.25 -0.25 -1 0.75 -0.25 0
-0.75 -0.75 0 -0.25 -0.75 0 0.25 -0.75 0 0.75 -0.75 0

-0.75 0.75 1 -0.25 0.75 1 0.25 0.75 1 0.75 0.75 1
-0.75 0.25 1 -0.25 0.25 2 0.25 0.25 2 0.75 0.25 1
-0.75 -0.25 1 -0.25 -0.25 2 0.25 -0.25 2 0.75 -0.25 1
-0.75 -0.75 1 -0.25 -0.75 1 0.25 -0.75 1 0.75 -0.75 1

-0.75 0.75 1 -0.25 0.75 1 0.25 0.75 1 0.75 0.75 1
-0.75 0.25 1 -0.25 0.25 0 0.25 0.25 0 0.75 0.25 1
-0.75 -0.25 1 -0.25 -0.25 0 0.25 -0.25 0 0.75 -0.25 1
-0.75 -0.75 1 -0.25 -0.75 1 0.25 -0.75 1 0.75 -0.75 1

-0.75 0.75 2 -0.25 0.75 2 0.25 0.75 2 0.75 0.75 2
-0.75 0.25 2 -0.25 0.25 1 0.25 0.25 1 0.75 0.25 2
-0.75 -0.25 2 -0.25 -0.25 1 0.25 -0.25 1 0.75 -0.25 2
-0.75 -0.75 2 -0.25 -0.75 2 0.25 -0.75 2 0.75 -0.75 2

-0.75 0.75 2 -0.25 0.75 2 0.25 0.75 2 0.75 0.75 2
-0.75 0.25 2 -0.25 0.25 3 0.25 0.25 3 0.75 0.25 2
-0.75 -0.25 2 -0.25 -0.25 3 0.25 -0.25 3 0.75 -0.25 2
-0.75 -0.75 2 -0.25 -0.75 2 0.25 -0.75 2 0.75 -0.75 2

-0.75 0.75 3 -0.25 0.75 3 0.25 0.75 3 0.75 0.75 3
-0.75 0.25 3 -0.25 0.25 2 0.25 0.25 2 0.75 0.25 3
-0.75 -0.25 3 -0.25 -0.25 2 0.25 -0.25 2 0.75 -0.25 3
-0.75 -0.75 3 -0.25 -0.75 3 0.25 -0.75 3 0.75 -0.75 3

-0.75 0.75 3 -0.25 0.75 3 0.25 0.75 3 0.75 0.75 3
-0.75 0.25 3 -0.25 0.25 4 0.25 0.25 4 0.75 0.25 3
-0.75 -0.25 3 -0.25 -0.25 4 0.25 -0.25 4 0.75 -0.25 3
-0.75 -0.75 3 -0.25 -0.75 3 0.25 -0.75 3 0.75 -0.75 3
